biadj_matrix:  [[1 0 0 ... 0 0 0]
 [1 0 0 ... 0 0 0]
 [1 1 0 ... 0 0 0]
 ...
 [1 1 1 ... 1 0 0]
 [1 1 1 ... 1 1 0]
 [1 1 1 ... 1 1 1]]
biadj_matrix:  [[1 0 0 ... 0 0 0]
 [1 1 0 ... 0 0 0]
 [1 1 1 ... 0 0 0]
 ...
 [1 1 1 ... 1 0 0]
 [1 1 1 ... 1 1 0]
 [1 1 1 ... 1 1 1]]
biadj_matrix:  [[0 1 1 ... 0 0 0]
 [0 1 1 ... 0 0 0]
 [0 1 1 ... 0 0 0]
 ...
 [0 0 0 ... 0 0 0]
 [0 0 0 ... 0 0 0]
 [0 0 0 ... 1 0 0]]
biadj_matrix:  [[1 0 0 ... 0 0 0]
 [1 1 0 ... 0 0 0]
 [1 1 1 ... 0 0 0]
 ...
 [0 0 0 ... 0 0 0]
 [0 0 0 ... 0 0 0]
 [0 0 0 ... 0 0 0]]
biadj_matrix:  [[0 0 0 ... 0 0 0]
 [0 0 0 ... 0 0 0]
 [0 0 0 ... 0 0 0]
 ...
 [0 0 0 ... 1 1 1]
 [0 0 0 ... 1 1 1]
 [0 0 0 ... 0 0 0]]
biadj_matrix:  [[1 0 0 ... 0 0 0]
 [1 1 0 ... 0 0 0]
 [1 1 1 ... 0 0 0]
 ...
 [0 0 0 ... 0 0 0]
 [0 0 0 ... 0 0 0]
 [0 0 0 ... 0 0 0]]
biadj_matrix:  [[1 1 0 ... 0 0 0]
 [1 1 1 ... 0 0 0]
 [1 1 1 ... 0 0 0]
 ...
 [0 0 0 ... 0 0 0]
 [0 0 0 ... 1 0 0]
 [0 0 0 ... 1 1 0]]
biadj_matrix:  [[0 0 0 ... 0 0 0]
 [0 0 0 ... 0 0 0]
 [0 0 0 ... 0 0 0]
 ...
 [0 0 0 ... 0 1 1]
 [0 0 0 ... 0 1 1]
 [0 0 0 ... 0 1 1]]
biadj_matrix:  [[1 0 0 ... 0 0 0]
 [1 1 0 ... 0 0 0]
 [1 1 1 ... 0 0 0]
 ...
 [0 0 0 ... 0 0 0]
 [0 0 0 ... 0 0 0]
 [0 0 0 ... 0 0 1]]
biadj_matrix:  [[1 0 0 ... 0 0 0]
 [1 1 0 ... 0 0 0]
 [1 1 1 ... 0 0 0]
 ...
 [0 0 0 ... 0 0 0]
 [0 0 0 ... 0 0 0]
 [0 0 0 ... 0 0 0]]
num of edges:  [526, 580, 414, 337, 373, 511, 283, 375, 805, 507]
average number of edges:  471.1
average number of edges normalized:  4.711
number of edges std:  143.0828081916203
max number of edges:  805
